111111111111111111111111111111111111111111111111
1p1111111111111111111111111111111111111111111111
111111111111111111111111111111111111111111111111
111111111111111111111111111111111111111111111111
111111111111111111111111111111111111111111111111
111111111111111111111111111111111111111111111111
111111111111111111111111111111111111111111111111
111111111111111111111111111111111111111111111111
111111111111111111111111111111111111111111111111
111111111111111111111111111111111111111111111111
111111111111111111111111111111111111111111111111
111111111111111111111111111111111111111111111111
111111111111111111111111111111111111111111111111
111111111111111111111111111111111111111111111111
111111111111111111111111111111111111111111111111
111111111111111111111111111111111111111111111111
111111111111111111111111111111111111111111111111
111111111111111111111111111111111111111111111111
111111111111111111111111111111111111111111111111
111111111111111111111111111111111111111111111111
111111111111111111111111111111111111111111111111
111111111111111111111111111111111111111111111111
111111111111111111111111111111111111111111111111
111111111111111111111111111111111111111111111111
111111111111111111111111111111111111111111111111
111111111111111111111111111111111111111111111111
111111111111111111111111111111111111111111111111
111111111111111111111111111111111111111111111111
111111111111111111111111111111111111111111111111
111111111111111111111111111111111111111111111111
111111111111111111111111111111111111111111111111
111111111111111111111111111111111111111111111111
111111111111111111111111111111111111111111111111
111111111111111111111111111111111111111111111111
111111111111111111111111111111111111111111111111
111111111111111111111111111111111111111111111111
111111111111111111111111111111111111111111111111
111111111111111111111111111111111111111111111111
111111111111111111111111111111111111111111111111
111111111111111111111111111111111111111111111111
111111111111111111111111111111111111111111111111
111111111111111111111111111111111111111111111111
111111111111111111111111111111111111111111111111
111111111111111111111111111111111111111111111111
111111111111111111111111111111111111111111111111
111111111111111111111111111111111111111111111111
111111111111111111111111111111111111111111111111
111111111111111111111111111111111111111111111111
111111111111111111111111111111111111111111111111